attack_factor1: 100.0
attack_factor2: 0.01
attack_factor_threshold: 200.0
disputed_factor: 1.1
draw_from_shipyard: 6.36641926056586
dropoff_density_difference: 0.0
dropoff_halite_density1: 90.0
dropoff_halite_density2: 74.6268656716418
endgame: 100
expand_edge_cost: 2.0
expansion_factor: 0.7370000000000001
extra_bonus: 0.75
halite_subtract: 500
is_dropoff_time: 15.0
lootfactor: 0.25
mean_halite: 75.0
neighbour_profit_factor: 2.0
return_distance_factor: 1.0
return_factor: 1.0
search_radius1: 5.208706826669735
search_radius2: 25
spawn_haliteremain: 0.0048457243
spawn_intercept: -1715.6234109409
spawn_turnremain: 11.7669185912
threat: 1.0
traffic_factor: 0.8
