attack_factor1: 100.0
attack_factor2: 0.01
attack_factor_threshold: 200.0
disputed_factor: 1.1
draw_from_shipyard: 6.110209959340981
dropoff_density_difference: 0.0
dropoff_halite_density1: 90.0
dropoff_halite_density2: 394.5549531399769
endgame: 100
expand_edge_cost: 2.0
expansion_factor: 1.5939753843618394
extra_bonus: 0.5
halite_subtract: 500
is_dropoff_time: 15.0
lootfactor: 0.25
mean_halite: 75.0
neighbour_profit_factor: 2.0
return_distance_factor: 1.0
return_factor: 1.0
search_radius1: 4.43149248023415
search_radius2: 20
spawn_haliteremain: 0.0122961331
spawn_intercept: -1239.9328029787
spawn_turnremain: 8.7372892692
threat: 1000.0
traffic_factor: 0.8
