attack_factor1: 100.0
attack_factor2: 0.01
attack_factor_threshold: 200.0
disputed_factor: 1.1
draw_from_shipyard: 7.113111132474247
dropoff_density_difference: 0.0
dropoff_halite_density1: 90.0
dropoff_halite_density2: 84.49326691478736
endgame: 100
expand_edge_cost: 2.0
expansion_factor: 1.2878054973149298
extra_bonus: 0.75
halite_subtract: 500
is_dropoff_time: 15.0
lootfactor: 0.25
mean_halite: 75.0
neighbour_profit_factor: 2.0
return_distance_factor: 1.0
return_factor: 1.0
search_radius1: 2.342240966046265
search_radius2: 25
spawn_haliteremain: 0.012874983
spawn_intercept: -944.8039547546
spawn_turnremain: 10.1454333165
threat: 1.0
traffic_factor: 0.8
