attack_factor1: 100.0
attack_factor2: 0.01
attack_factor_threshold: 200.0
disputed_factor: 1.1
draw_from_shipyard: 6.542018024551217
dropoff_density_difference: 0.0
dropoff_halite_density1: 90.0
dropoff_halite_density2: 76.14901182868448
endgame: 100
expand_edge_cost: 2.0
expansion_factor: 0.9539334788560293
extra_bonus: 0.75
halite_subtract: 500
is_dropoff_time: 15.0
lootfactor: 0.25
mean_halite: 75.0
neighbour_profit_factor: 2.0
return_distance_factor: 1.0
return_factor: 1.0
search_radius1: 1.9171687931372197
search_radius2: 25
spawn_haliteremain: 0.012874983
spawn_intercept: -944.8039547546
spawn_turnremain: 10.1454333165
threat: 1.0
traffic_factor: 0.8
