endgame: 100
expand_edge_cost: 2.8219157074729053
extra_bonus: 0.75
lootfactor: 0.25
mean_halite: 75.0
neighbour_profit_factor: 4.003890362704403
return_distance_factor: 0.9577610140257125
return_factor: 0.9203317021216837
spawn_haliteremain: 0.012874983
spawn_intercept: -944.8039547546
spawn_turnremain: 10.1454333165
traffic_factor: 0.8
