endgame: 100
expand_edge_cost: 4.492702877220011
extra_bonus: 0.75
lootfactor: 0.25
mean_halite: 75.0
neighbour_profit_factor: 2.5103460392040526
return_distance_factor: 1.163181447791789
return_factor: 0.6251521298174442
spawn_haliteremain: 0.012874983
spawn_intercept: -944.8039547546
spawn_turnremain: 10.1454333165
traffic_factor: 0.8
