endgame: 100
expand_edge_cost: 3.4873178625651446
extra_bonus: 0.75
lootfactor: 0.25
mean_halite: 75.0
neighbour_profit_factor: 2.48121395512934
return_distance_factor: 1.0375323622285615
return_factor: 0.5673335239350452
spawn_haliteremain: 0.012874983
spawn_intercept: -944.8039547546
spawn_turnremain: 10.1454333165
traffic_factor: 0.8
