endgame: 100
expand_edge_cost: 4.492702877220011
extra_bonus: 0.75
lootfactor: 0.25
mean_halite: 75.0
neighbour_profit_factor: 2.086197972420136
return_distance_factor: 0.9301842704320722
return_factor: 0.5195264259634887
spawn_haliteremain: 0.012874983
spawn_intercept: -944.8039547546
spawn_turnremain: 10.1454333165
traffic_factor: 0.8
