endgame: 100
expand_edge_cost: 3.5438440295511446
extra_bonus: 0.75
lootfactor: 0.25
mean_halite: 75.0
neighbour_profit_factor: 3.5422135878596652
return_distance_factor: 0.9666503103728883
return_factor: 0.49311999999999995
spawn_haliteremain: 0.012874983
spawn_intercept: -944.8039547546
spawn_turnremain: 10.1454333165
traffic_factor: 0.8
