endgame: 100
expand_edge_cost: 4.317157319670084
extra_bonus: 0.75
lootfactor: 0.25
mean_halite: 75.0
neighbour_profit_factor: 2.1185824873485637
return_distance_factor: 1.0755664342115836
return_factor: 0.5453384546802333
spawn_haliteremain: 0.012874983
spawn_intercept: -944.8039547546
spawn_turnremain: 10.1454333165
traffic_factor: 0.8
