endgame: 100
expand_edge_cost: 2.786600973325424
extra_bonus: 0.75
lootfactor: 0.25
mean_halite: 75.0
neighbour_profit_factor: 2.794098078103704
return_distance_factor: 0.7624937648221343
return_factor: 0.9103260869565216
spawn_haliteremain: 0.012874983
spawn_intercept: -944.8039547546
spawn_turnremain: 10.1454333165
traffic_factor: 0.8
