endgame: 100
expand_edge_cost: 3.816101855373627
extra_bonus: 0.75
lootfactor: 0.25
mean_halite: 75.0
neighbour_profit_factor: 2.375450390001099
return_distance_factor: 0.9592607031879745
return_factor: 0.4863686080864591
spawn_haliteremain: 0.012874983
spawn_intercept: -944.8039547546
spawn_turnremain: 10.1454333165
traffic_factor: 0.8
