draw_from_shipyard: 7.431701866935775
dropoff_halite_density: 100.0
endgame: 100
expand_edge_cost: 2.0
expansion_factor: 2.0267384192392024
extra_bonus: 0.5
lootfactor: 0.25
mean_halite: 75.0
neighbour_profit_factor: 2.0
return_distance_factor: 1.0
return_factor: 1.0
search_radius1: 15
search_radius2: 25
spawn_haliteremain: 0.0035897784
spawn_intercept: -1418.5324810153
spawn_turnremain: 11.3162867476
threat: 5.0
traffic_factor: 0.8
