draw_from_shipyard: 2.4656
dropoff_halite_density: 125.54913729175976
endgame: 100
expand_edge_cost: 2.0
expansion_factor: 2.2306943543153803
extra_bonus: 0.75
lootfactor: 0.25
mean_halite: 75.0
neighbour_profit_factor: 2.0
return_distance_factor: 1.0
return_factor: 1.0
search_radius1: 15
search_radius2: 25
spawn_haliteremain: 0.0048457243
spawn_intercept: -1715.6234109409
spawn_turnremain: 11.7669185912
threat: 1.0
traffic_factor: 0.8
