endgame: 100
expand_edge_cost: 1.8681140521079276
extra_bonus: 0.75
lootfactor: 0.25
mean_halite: 75.0
neighbour_profit_factor: 3.5961465428690595
return_distance_factor: 0.648431931009741
return_factor: 0.9103260869565216
spawn_haliteremain: 0.0048457243
spawn_intercept: -1715.6234109409
spawn_turnremain: 11.7669185912
traffic_factor: 0.8
