endgame: 100
expand_edge_cost: 2.570046736315912
extra_bonus: 0.75
lootfactor: 0.25
mean_halite: 75.0
neighbour_profit_factor: 4.003890362704403
return_distance_factor: 0.7554818878634819
return_factor: 1.295522267695724
spawn_haliteremain: 0.012874983
spawn_intercept: -944.8039547546
spawn_turnremain: 10.1454333165
traffic_factor: 0.8
