endgame: 100
expand_edge_cost: 3.2581728401570893
extra_bonus: 0.75
lootfactor: 0.25
mean_halite: 75.0
neighbour_profit_factor: 4.268109676955799
return_distance_factor: 0.7554818878634819
return_factor: 1.6423963839955935
spawn_haliteremain: 0.012874983
spawn_intercept: -944.8039547546
spawn_turnremain: 10.1454333165
traffic_factor: 0.8
