endgame: 100
expand_edge_cost: 3.920596890832077
extra_bonus: 0.75
lootfactor: 0.25
mean_halite: 75.0
neighbour_profit_factor: 4.44166084441307
return_distance_factor: 0.8754088519987577
return_factor: 1.1804066809653984
spawn_haliteremain: 0.012874983
spawn_intercept: -944.8039547546
spawn_turnremain: 10.1454333165
traffic_factor: 0.8
