endgame: 100
expand_edge_cost: 9.354203020347047
extra_bonus: 0.5
lootfactor: 0.25
mean_halite: 75.0
neighbour_profit_factor: 3.818616550756328
return_distance_factor: 0.29604182456183803
return_factor: 0.7175627397024625
spawn_haliteremain: 0.0035897784
spawn_intercept: -1418.5324810153
spawn_turnremain: 11.3162867476
traffic_factor: 0.8
