endgame: 100
expand_edge_cost: 10.992738737378271
extra_bonus: 0.5
lootfactor: 0.25
mean_halite: 75.0
neighbour_profit_factor: 5.502049984138369
return_distance_factor: 0.4273121024275954
return_factor: 0.47135545969248677
spawn_haliteremain: 0.0035897784
spawn_intercept: -1418.5324810153
spawn_turnremain: 11.3162867476
traffic_factor: 0.8
