endgame: 100
expand_edge_cost: 7.956115197709973
extra_bonus: 0.5
lootfactor: 0.25
mean_halite: 75.0
neighbour_profit_factor: 3.389262790229235
return_distance_factor: 0.6936884779668757
return_factor: 1.1039523669969258
spawn_haliteremain: 0.0035897784
spawn_intercept: -1418.5324810153
spawn_turnremain: 11.3162867476
traffic_factor: 0.8
